circle,1.0


1,-6.00000,22.00000
2,-4.00000,22.00000
3,-2.00000,22.00000
4,0.00000,22.00000
5,2.00000,22.00000
6,4.00000,22.00000
7,6.00000,22.00000
8,-10.00000,20.00000
9,-8.00000,20.00000
10,-6.00000,20.00000
11,-4.00000,20.00000
12,-2.00000,20.00000
13,0.00000,20.00000
14,2.00000,20.00000
15,4.00000,20.00000
16,6.00000,20.00000
17,8.00000,20.00000
18,10.00000,20.00000
19,-14.00000,18.00000
20,-12.00000,18.00000
21,-10.00000,18.00000
22,-8.00000,18.00000
23,-6.00000,18.00000
24,-4.00000,18.00000
25,-2.00000,18.00000
26,0.00000,18.00000
27,2.00000,18.00000
28,4.00000,18.00000
29,6.00000,18.00000
30,8.00000,18.00000
31,10.00000,18.00000
32,12.00000,18.00000
33,14.00000,18.00000
34,-16.00000,16.00000
35,-14.00000,16.00000
36,-12.00000,16.00000
37,-10.00000,16.00000
38,-8.00000,16.00000
39,-6.00000,16.00000
40,-4.00000,16.00000
41,-2.00000,16.00000
42,0.00000,16.00000
43,2.00000,16.00000
44,4.00000,16.00000
45,6.00000,16.00000
46,8.00000,16.00000
47,10.00000,16.00000
48,12.00000,16.00000
49,14.00000,16.00000
50,16.00000,16.00000
51,-18.00000,14.00000
52,-16.00000,14.00000
53,-14.00000,14.00000
54,-12.00000,14.00000
55,-10.00000,14.00000
56,-8.00000,14.00000
57,-6.00000,14.00000
58,-4.00000,14.00000
59,-2.00000,14.00000
60,0.00000,14.00000
61,2.00000,14.00000
62,4.00000,14.00000
63,6.00000,14.00000
64,8.00000,14.00000
65,10.00000,14.00000
66,12.00000,14.00000
67,14.00000,14.00000
68,16.00000,14.00000
69,18.00000,14.00000
70,-18.00000,12.00000
71,-16.00000,12.00000
72,-14.00000,12.00000
73,-12.00000,12.00000
74,-10.00000,12.00000
75,-8.00000,12.00000
76,-6.00000,12.00000
77,-4.00000,12.00000
78,-2.00000,12.00000
79,0.00000,12.00000
80,2.00000,12.00000
81,4.00000,12.00000
82,6.00000,12.00000
83,8.00000,12.00000
84,10.00000,12.00000
85,12.00000,12.00000
86,14.00000,12.00000
87,16.00000,12.00000
88,18.00000,12.00000
89,-20.00000,10.00000
90,-18.00000,10.00000
91,-16.00000,10.00000
92,-14.00000,10.00000
93,-12.00000,10.00000
94,-10.00000,10.00000
95,-8.00000,10.00000
96,-6.00000,10.00000
97,-4.00000,10.00000
98,-2.00000,10.00000
99,0.00000,10.00000
100,2.00000,10.00000
101,4.00000,10.00000
102,6.00000,10.00000
103,8.00000,10.00000
104,10.00000,10.00000
105,12.00000,10.00000
106,14.00000,10.00000
107,16.00000,10.00000
108,18.00000,10.00000
109,20.00000,10.00000
110,-20.00000,8.00000
111,-18.00000,8.00000
112,-16.00000,8.00000
113,-14.00000,8.00000
114,-12.00000,8.00000
115,-10.00000,8.00000
116,-8.00000,8.00000
117,-6.00000,8.00000
118,-4.00000,8.00000
119,-2.00000,8.00000
120,0.00000,8.00000
121,2.00000,8.00000
122,4.00000,8.00000
123,6.00000,8.00000
124,8.00000,8.00000
125,10.00000,8.00000
126,12.00000,8.00000
127,14.00000,8.00000
128,16.00000,8.00000
129,18.00000,8.00000
130,20.00000,8.00000
131,-22.00000,6.00000
132,-20.00000,6.00000
133,-18.00000,6.00000
134,-16.00000,6.00000
135,-14.00000,6.00000
136,-12.00000,6.00000
137,-10.00000,6.00000
138,-8.00000,6.00000
139,-6.00000,6.00000
140,-4.00000,6.00000
141,-2.00000,6.00000
142,0.00000,6.00000
143,2.00000,6.00000
144,4.00000,6.00000
145,6.00000,6.00000
146,8.00000,6.00000
147,10.00000,6.00000
148,12.00000,6.00000
149,14.00000,6.00000
150,16.00000,6.00000
151,18.00000,6.00000
152,20.00000,6.00000
153,22.00000,6.00000
154,-22.00000,4.00000
155,-20.00000,4.00000
156,-18.00000,4.00000
157,-16.00000,4.00000
158,-14.00000,4.00000
159,-12.00000,4.00000
160,-10.00000,4.00000
161,-8.00000,4.00000
162,-6.00000,4.00000
163,-4.00000,4.00000
164,-2.00000,4.00000
165,0.00000,4.00000
166,2.00000,4.00000
167,4.00000,4.00000
168,6.00000,4.00000
169,8.00000,4.00000
170,10.00000,4.00000
171,12.00000,4.00000
172,14.00000,4.00000
173,16.00000,4.00000
174,18.00000,4.00000
175,20.00000,4.00000
176,22.00000,4.00000
177,-22.00000,2.00000
178,-20.00000,2.00000
179,-18.00000,2.00000
180,-16.00000,2.00000
181,-14.00000,2.00000
182,-12.00000,2.00000
183,-10.00000,2.00000
184,-8.00000,2.00000
185,-6.00000,2.00000
186,-4.00000,2.00000
187,-2.00000,2.00000
188,0.00000,2.00000
189,2.00000,2.00000
190,4.00000,2.00000
191,6.00000,2.00000
192,8.00000,2.00000
193,10.00000,2.00000
194,12.00000,2.00000
195,14.00000,2.00000
196,16.00000,2.00000
197,18.00000,2.00000
198,20.00000,2.00000
199,22.00000,2.00000
200,-22.00000,0.00000
201,-20.00000,0.00000
202,-18.00000,0.00000
203,-16.00000,0.00000
204,-14.00000,0.00000
205,-12.00000,0.00000
206,-10.00000,0.00000
207,-8.00000,0.00000
208,-6.00000,0.00000
209,-4.00000,0.00000
210,-2.00000,0.00000
211,0.00000,0.00000
212,2.00000,0.00000
213,4.00000,0.00000
214,6.00000,0.00000
215,8.00000,0.00000
216,10.00000,0.00000
217,12.00000,0.00000
218,14.00000,0.00000
219,16.00000,0.00000
220,18.00000,0.00000
221,20.00000,0.00000
222,22.00000,0.00000
223,-22.00000,-2.00000
224,-20.00000,-2.00000
225,-18.00000,-2.00000
226,-16.00000,-2.00000
227,-14.00000,-2.00000
228,-12.00000,-2.00000
229,-10.00000,-2.00000
230,-8.00000,-2.00000
231,-6.00000,-2.00000
232,-4.00000,-2.00000
233,-2.00000,-2.00000
234,0.00000,-2.00000
235,2.00000,-2.00000
236,4.00000,-2.00000
237,6.00000,-2.00000
238,8.00000,-2.00000
239,10.00000,-2.00000
240,12.00000,-2.00000
241,14.00000,-2.00000
242,16.00000,-2.00000
243,18.00000,-2.00000
244,20.00000,-2.00000
245,22.00000,-2.00000
246,-22.00000,-4.00000
247,-20.00000,-4.00000
248,-18.00000,-4.00000
249,-16.00000,-4.00000
250,-14.00000,-4.00000
251,-12.00000,-4.00000
252,-10.00000,-4.00000
253,-8.00000,-4.00000
254,-6.00000,-4.00000
255,-4.00000,-4.00000
256,-2.00000,-4.00000
257,0.00000,-4.00000
258,2.00000,-4.00000
259,4.00000,-4.00000
260,6.00000,-4.00000
261,8.00000,-4.00000
262,10.00000,-4.00000
263,12.00000,-4.00000
264,14.00000,-4.00000
265,16.00000,-4.00000
266,18.00000,-4.00000
267,20.00000,-4.00000
268,22.00000,-4.00000
269,-22.00000,-6.00000
270,-20.00000,-6.00000
271,-18.00000,-6.00000
272,-16.00000,-6.00000
273,-14.00000,-6.00000
274,-12.00000,-6.00000
275,-10.00000,-6.00000
276,-8.00000,-6.00000
277,-6.00000,-6.00000
278,-4.00000,-6.00000
279,-2.00000,-6.00000
280,0.00000,-6.00000
281,2.00000,-6.00000
282,4.00000,-6.00000
283,6.00000,-6.00000
284,8.00000,-6.00000
285,10.00000,-6.00000
286,12.00000,-6.00000
287,14.00000,-6.00000
288,16.00000,-6.00000
289,18.00000,-6.00000
290,20.00000,-6.00000
291,22.00000,-6.00000
292,-20.00000,-8.00000
293,-18.00000,-8.00000
294,-16.00000,-8.00000
295,-14.00000,-8.00000
296,-12.00000,-8.00000
297,-10.00000,-8.00000
298,-8.00000,-8.00000
299,-6.00000,-8.00000
300,-4.00000,-8.00000
301,-2.00000,-8.00000
302,0.00000,-8.00000
303,2.00000,-8.00000
304,4.00000,-8.00000
305,6.00000,-8.00000
306,8.00000,-8.00000
307,10.00000,-8.00000
308,12.00000,-8.00000
309,14.00000,-8.00000
310,16.00000,-8.00000
311,18.00000,-8.00000
312,20.00000,-8.00000
313,-20.00000,-10.00000
314,-18.00000,-10.00000
315,-16.00000,-10.00000
316,-14.00000,-10.00000
317,-12.00000,-10.00000
318,-10.00000,-10.00000
319,-8.00000,-10.00000
320,-6.00000,-10.00000
321,-4.00000,-10.00000
322,-2.00000,-10.00000
323,0.00000,-10.00000
324,2.00000,-10.00000
325,4.00000,-10.00000
326,6.00000,-10.00000
327,8.00000,-10.00000
328,10.00000,-10.00000
329,12.00000,-10.00000
330,14.00000,-10.00000
331,16.00000,-10.00000
332,18.00000,-10.00000
333,20.00000,-10.00000
334,-18.00000,-12.00000
335,-16.00000,-12.00000
336,-14.00000,-12.00000
337,-12.00000,-12.00000
338,-10.00000,-12.00000
339,-8.00000,-12.00000
340,-6.00000,-12.00000
341,-4.00000,-12.00000
342,-2.00000,-12.00000
343,0.00000,-12.00000
344,2.00000,-12.00000
345,4.00000,-12.00000
346,6.00000,-12.00000
347,8.00000,-12.00000
348,10.00000,-12.00000
349,12.00000,-12.00000
350,14.00000,-12.00000
351,16.00000,-12.00000
352,18.00000,-12.00000
353,-18.00000,-14.00000
354,-16.00000,-14.00000
355,-14.00000,-14.00000
356,-12.00000,-14.00000
357,-10.00000,-14.00000
358,-8.00000,-14.00000
359,-6.00000,-14.00000
360,-4.00000,-14.00000
361,-2.00000,-14.00000
362,0.00000,-14.00000
363,2.00000,-14.00000
364,4.00000,-14.00000
365,6.00000,-14.00000
366,8.00000,-14.00000
367,10.00000,-14.00000
368,12.00000,-14.00000
369,14.00000,-14.00000
370,16.00000,-14.00000
371,18.00000,-14.00000
372,-16.00000,-16.00000
373,-14.00000,-16.00000
374,-12.00000,-16.00000
375,-10.00000,-16.00000
376,-8.00000,-16.00000
377,-6.00000,-16.00000
378,-4.00000,-16.00000
379,-2.00000,-16.00000
380,0.00000,-16.00000
381,2.00000,-16.00000
382,4.00000,-16.00000
383,6.00000,-16.00000
384,8.00000,-16.00000
385,10.00000,-16.00000
386,12.00000,-16.00000
387,14.00000,-16.00000
388,16.00000,-16.00000
389,-14.00000,-18.00000
390,-12.00000,-18.00000
391,-10.00000,-18.00000
392,-8.00000,-18.00000
393,-6.00000,-18.00000
394,-4.00000,-18.00000
395,-2.00000,-18.00000
396,0.00000,-18.00000
397,2.00000,-18.00000
398,4.00000,-18.00000
399,6.00000,-18.00000
400,8.00000,-18.00000
401,10.00000,-18.00000
402,12.00000,-18.00000
403,14.00000,-18.00000
404,-10.00000,-20.00000
405,-8.00000,-20.00000
406,-6.00000,-20.00000
407,-4.00000,-20.00000
408,-2.00000,-20.00000
409,0.00000,-20.00000
410,2.00000,-20.00000
411,4.00000,-20.00000
412,6.00000,-20.00000
413,8.00000,-20.00000
414,10.00000,-20.00000
415,-6.00000,-22.00000
416,-4.00000,-22.00000
417,-2.00000,-22.00000
418,0.00000,-22.00000
419,2.00000,-22.00000
420,4.00000,-22.00000
421,6.00000,-22.00000
