circle,0.6,True


1,-5.60000,21.00000
2,-4.20000,21.00000
3,-2.80000,21.00000
4,-1.40000,21.00000
5,0.00000,21.00000
6,1.40000,21.00000
7,2.80000,21.00000
8,4.20000,21.00000
9,5.60000,21.00000
10,-9.80000,19.60000
11,-8.40000,19.60000
12,-7.00000,19.60000
13,-5.60000,19.60000
14,-4.20000,19.60000
15,-2.80000,19.60000
16,-1.40000,19.60000
17,0.00000,19.60000
18,1.40000,19.60000
19,2.80000,19.60000
20,4.20000,19.60000
21,5.60000,19.60000
22,7.00000,19.60000
23,8.40000,19.60000
24,9.80000,19.60000
25,-12.60000,18.20000
26,-11.20000,18.20000
27,-9.80000,18.20000
28,-8.40000,18.20000
29,-7.00000,18.20000
30,-5.60000,18.20000
31,-4.20000,18.20000
32,-2.80000,18.20000
33,-1.40000,18.20000
34,0.00000,18.20000
35,1.40000,18.20000
36,2.80000,18.20000
37,4.20000,18.20000
38,5.60000,18.20000
39,7.00000,18.20000
40,8.40000,18.20000
41,9.80000,18.20000
42,11.20000,18.20000
43,12.60000,18.20000
44,-14.00000,16.80000
45,-12.60000,16.80000
46,-11.20000,16.80000
47,-9.80000,16.80000
48,-8.40000,16.80000
49,-7.00000,16.80000
50,-5.60000,16.80000
51,-4.20000,16.80000
52,-2.80000,16.80000
53,-1.40000,16.80000
54,0.00000,16.80000
55,1.40000,16.80000
56,2.80000,16.80000
57,4.20000,16.80000
58,5.60000,16.80000
59,7.00000,16.80000
60,8.40000,16.80000
61,9.80000,16.80000
62,11.20000,16.80000
63,12.60000,16.80000
64,14.00000,16.80000
65,-15.40000,15.40000
66,-14.00000,15.40000
67,-12.60000,15.40000
68,-11.20000,15.40000
69,-9.80000,15.40000
70,-8.40000,15.40000
71,-7.00000,15.40000
72,-5.60000,15.40000
73,-4.20000,15.40000
74,-2.80000,15.40000
75,-1.40000,15.40000
76,0.00000,15.40000
77,1.40000,15.40000
78,2.80000,15.40000
79,4.20000,15.40000
80,5.60000,15.40000
81,7.00000,15.40000
82,8.40000,15.40000
83,9.80000,15.40000
84,11.20000,15.40000
85,12.60000,15.40000
86,14.00000,15.40000
87,15.40000,15.40000
88,-16.80000,14.00000
89,-15.40000,14.00000
90,-14.00000,14.00000
91,-12.60000,14.00000
92,-11.20000,14.00000
93,-9.80000,14.00000
94,-8.40000,14.00000
95,-7.00000,14.00000
96,-5.60000,14.00000
97,-4.20000,14.00000
98,-2.80000,14.00000
99,-1.40000,14.00000
100,0.00000,14.00000
101,1.40000,14.00000
102,2.80000,14.00000
103,4.20000,14.00000
104,5.60000,14.00000
105,7.00000,14.00000
106,8.40000,14.00000
107,9.80000,14.00000
108,11.20000,14.00000
109,12.60000,14.00000
110,14.00000,14.00000
111,15.40000,14.00000
112,16.80000,14.00000
113,-18.20000,12.60000
114,-16.80000,12.60000
115,-15.40000,12.60000
116,-14.00000,12.60000
117,-12.60000,12.60000
118,-11.20000,12.60000
119,-9.80000,12.60000
120,-8.40000,12.60000
121,-7.00000,12.60000
122,-5.60000,12.60000
123,-4.20000,12.60000
124,-2.80000,12.60000
125,-1.40000,12.60000
126,0.00000,12.60000
127,1.40000,12.60000
128,2.80000,12.60000
129,4.20000,12.60000
130,5.60000,12.60000
131,7.00000,12.60000
132,8.40000,12.60000
133,9.80000,12.60000
134,11.20000,12.60000
135,12.60000,12.60000
136,14.00000,12.60000
137,15.40000,12.60000
138,16.80000,12.60000
139,18.20000,12.60000
140,-18.20000,11.20000
141,-16.80000,11.20000
142,-15.40000,11.20000
143,-14.00000,11.20000
144,-12.60000,11.20000
145,-11.20000,11.20000
146,-9.80000,11.20000
147,-8.40000,11.20000
148,-7.00000,11.20000
149,-5.60000,11.20000
150,-4.20000,11.20000
151,-2.80000,11.20000
152,-1.40000,11.20000
153,0.00000,11.20000
154,1.40000,11.20000
155,2.80000,11.20000
156,4.20000,11.20000
157,5.60000,11.20000
158,7.00000,11.20000
159,8.40000,11.20000
160,9.80000,11.20000
161,11.20000,11.20000
162,12.60000,11.20000
163,14.00000,11.20000
164,15.40000,11.20000
165,16.80000,11.20000
166,18.20000,11.20000
167,-19.60000,9.80000
168,-18.20000,9.80000
169,-16.80000,9.80000
170,-15.40000,9.80000
171,-14.00000,9.80000
172,-12.60000,9.80000
173,-11.20000,9.80000
174,-9.80000,9.80000
175,-8.40000,9.80000
176,-7.00000,9.80000
177,-5.60000,9.80000
178,-4.20000,9.80000
179,-2.80000,9.80000
180,-1.40000,9.80000
181,0.00000,9.80000
182,1.40000,9.80000
183,2.80000,9.80000
184,4.20000,9.80000
185,5.60000,9.80000
186,7.00000,9.80000
187,8.40000,9.80000
188,9.80000,9.80000
189,11.20000,9.80000
190,12.60000,9.80000
191,14.00000,9.80000
192,15.40000,9.80000
193,16.80000,9.80000
194,18.20000,9.80000
195,19.60000,9.80000
196,-19.60000,8.40000
197,-18.20000,8.40000
198,-16.80000,8.40000
199,-15.40000,8.40000
200,-14.00000,8.40000
201,-12.60000,8.40000
202,-11.20000,8.40000
203,-9.80000,8.40000
204,-8.40000,8.40000
205,-7.00000,8.40000
206,-5.60000,8.40000
207,-4.20000,8.40000
208,-2.80000,8.40000
209,-1.40000,8.40000
210,0.00000,8.40000
211,1.40000,8.40000
212,2.80000,8.40000
213,4.20000,8.40000
214,5.60000,8.40000
215,7.00000,8.40000
216,8.40000,8.40000
217,9.80000,8.40000
218,11.20000,8.40000
219,12.60000,8.40000
220,14.00000,8.40000
221,15.40000,8.40000
222,16.80000,8.40000
223,18.20000,8.40000
224,19.60000,8.40000
225,-19.60000,7.00000
226,-18.20000,7.00000
227,-16.80000,7.00000
228,-15.40000,7.00000
229,-14.00000,7.00000
230,-12.60000,7.00000
231,-11.20000,7.00000
232,-9.80000,7.00000
233,-8.40000,7.00000
234,-7.00000,7.00000
235,-5.60000,7.00000
236,-4.20000,7.00000
237,-2.80000,7.00000
238,-1.40000,7.00000
239,0.00000,7.00000
240,1.40000,7.00000
241,2.80000,7.00000
242,4.20000,7.00000
243,5.60000,7.00000
244,7.00000,7.00000
245,8.40000,7.00000
246,9.80000,7.00000
247,11.20000,7.00000
248,12.60000,7.00000
249,14.00000,7.00000
250,15.40000,7.00000
251,16.80000,7.00000
252,18.20000,7.00000
253,19.60000,7.00000
254,-21.00000,5.60000
255,-19.60000,5.60000
256,-18.20000,5.60000
257,-16.80000,5.60000
258,-15.40000,5.60000
259,-14.00000,5.60000
260,-12.60000,5.60000
261,-11.20000,5.60000
262,-9.80000,5.60000
263,-8.40000,5.60000
264,-7.00000,5.60000
265,-5.60000,5.60000
266,-4.20000,5.60000
267,-2.80000,5.60000
268,-1.40000,5.60000
269,0.00000,5.60000
270,1.40000,5.60000
271,2.80000,5.60000
272,4.20000,5.60000
273,5.60000,5.60000
274,7.00000,5.60000
275,8.40000,5.60000
276,9.80000,5.60000
277,11.20000,5.60000
278,12.60000,5.60000
279,14.00000,5.60000
280,15.40000,5.60000
281,16.80000,5.60000
282,18.20000,5.60000
283,19.60000,5.60000
284,21.00000,5.60000
285,-21.00000,4.20000
286,-19.60000,4.20000
287,-18.20000,4.20000
288,-16.80000,4.20000
289,-15.40000,4.20000
290,-14.00000,4.20000
291,-12.60000,4.20000
292,-11.20000,4.20000
293,-9.80000,4.20000
294,-8.40000,4.20000
295,-7.00000,4.20000
296,-5.60000,4.20000
297,-4.20000,4.20000
298,-2.80000,4.20000
299,-1.40000,4.20000
300,0.00000,4.20000
301,1.40000,4.20000
302,2.80000,4.20000
303,4.20000,4.20000
304,5.60000,4.20000
305,7.00000,4.20000
306,8.40000,4.20000
307,9.80000,4.20000
308,11.20000,4.20000
309,12.60000,4.20000
310,14.00000,4.20000
311,15.40000,4.20000
312,16.80000,4.20000
313,18.20000,4.20000
314,19.60000,4.20000
315,21.00000,4.20000
316,-21.00000,2.80000
317,-19.60000,2.80000
318,-18.20000,2.80000
319,-16.80000,2.80000
320,-15.40000,2.80000
321,-14.00000,2.80000
322,-12.60000,2.80000
323,-11.20000,2.80000
324,-9.80000,2.80000
325,-8.40000,2.80000
326,-7.00000,2.80000
327,-5.60000,2.80000
328,-4.20000,2.80000
329,-2.80000,2.80000
330,-1.40000,2.80000
331,0.00000,2.80000
332,1.40000,2.80000
333,2.80000,2.80000
334,4.20000,2.80000
335,5.60000,2.80000
336,7.00000,2.80000
337,8.40000,2.80000
338,9.80000,2.80000
339,11.20000,2.80000
340,12.60000,2.80000
341,14.00000,2.80000
342,15.40000,2.80000
343,16.80000,2.80000
344,18.20000,2.80000
345,19.60000,2.80000
346,21.00000,2.80000
347,-21.00000,1.40000
348,-19.60000,1.40000
349,-18.20000,1.40000
350,-16.80000,1.40000
351,-15.40000,1.40000
352,-14.00000,1.40000
353,-12.60000,1.40000
354,-11.20000,1.40000
355,-9.80000,1.40000
356,-8.40000,1.40000
357,-7.00000,1.40000
358,-5.60000,1.40000
359,-4.20000,1.40000
360,-2.80000,1.40000
361,-1.40000,1.40000
362,0.00000,1.40000
363,1.40000,1.40000
364,2.80000,1.40000
365,4.20000,1.40000
366,5.60000,1.40000
367,7.00000,1.40000
368,8.40000,1.40000
369,9.80000,1.40000
370,11.20000,1.40000
371,12.60000,1.40000
372,14.00000,1.40000
373,15.40000,1.40000
374,16.80000,1.40000
375,18.20000,1.40000
376,19.60000,1.40000
377,21.00000,1.40000
378,-21.00000,0.00000
379,-19.60000,0.00000
380,-18.20000,0.00000
381,-16.80000,0.00000
382,-15.40000,0.00000
383,-14.00000,0.00000
384,-12.60000,0.00000
385,-11.20000,0.00000
386,-9.80000,0.00000
387,-8.40000,0.00000
388,-7.00000,0.00000
389,-5.60000,0.00000
390,-4.20000,0.00000
391,-2.80000,0.00000
392,-1.40000,0.00000
393,0.00000,0.00000
394,1.40000,0.00000
395,2.80000,0.00000
396,4.20000,0.00000
397,5.60000,0.00000
398,7.00000,0.00000
399,8.40000,0.00000
400,9.80000,0.00000
401,11.20000,0.00000
402,12.60000,0.00000
403,14.00000,0.00000
404,15.40000,0.00000
405,16.80000,0.00000
406,18.20000,0.00000
407,19.60000,0.00000
408,21.00000,0.00000
409,-21.00000,-1.40000
410,-19.60000,-1.40000
411,-18.20000,-1.40000
412,-16.80000,-1.40000
413,-15.40000,-1.40000
414,-14.00000,-1.40000
415,-12.60000,-1.40000
416,-11.20000,-1.40000
417,-9.80000,-1.40000
418,-8.40000,-1.40000
419,-7.00000,-1.40000
420,-5.60000,-1.40000
421,-4.20000,-1.40000
422,-2.80000,-1.40000
423,-1.40000,-1.40000
424,0.00000,-1.40000
425,1.40000,-1.40000
426,2.80000,-1.40000
427,4.20000,-1.40000
428,5.60000,-1.40000
429,7.00000,-1.40000
430,8.40000,-1.40000
431,9.80000,-1.40000
432,11.20000,-1.40000
433,12.60000,-1.40000
434,14.00000,-1.40000
435,15.40000,-1.40000
436,16.80000,-1.40000
437,18.20000,-1.40000
438,19.60000,-1.40000
439,21.00000,-1.40000
440,-21.00000,-2.80000
441,-19.60000,-2.80000
442,-18.20000,-2.80000
443,-16.80000,-2.80000
444,-15.40000,-2.80000
445,-14.00000,-2.80000
446,-12.60000,-2.80000
447,-11.20000,-2.80000
448,-9.80000,-2.80000
449,-8.40000,-2.80000
450,-7.00000,-2.80000
451,-5.60000,-2.80000
452,-4.20000,-2.80000
453,-2.80000,-2.80000
454,-1.40000,-2.80000
455,0.00000,-2.80000
456,1.40000,-2.80000
457,2.80000,-2.80000
458,4.20000,-2.80000
459,5.60000,-2.80000
460,7.00000,-2.80000
461,8.40000,-2.80000
462,9.80000,-2.80000
463,11.20000,-2.80000
464,12.60000,-2.80000
465,14.00000,-2.80000
466,15.40000,-2.80000
467,16.80000,-2.80000
468,18.20000,-2.80000
469,19.60000,-2.80000
470,21.00000,-2.80000
471,-21.00000,-4.20000
472,-19.60000,-4.20000
473,-18.20000,-4.20000
474,-16.80000,-4.20000
475,-15.40000,-4.20000
476,-14.00000,-4.20000
477,-12.60000,-4.20000
478,-11.20000,-4.20000
479,-9.80000,-4.20000
480,-8.40000,-4.20000
481,-7.00000,-4.20000
482,-5.60000,-4.20000
483,-4.20000,-4.20000
484,-2.80000,-4.20000
485,-1.40000,-4.20000
486,0.00000,-4.20000
487,1.40000,-4.20000
488,2.80000,-4.20000
489,4.20000,-4.20000
490,5.60000,-4.20000
491,7.00000,-4.20000
492,8.40000,-4.20000
493,9.80000,-4.20000
494,11.20000,-4.20000
495,12.60000,-4.20000
496,14.00000,-4.20000
497,15.40000,-4.20000
498,16.80000,-4.20000
499,18.20000,-4.20000
500,19.60000,-4.20000
501,21.00000,-4.20000
502,-21.00000,-5.60000
503,-19.60000,-5.60000
504,-18.20000,-5.60000
505,-16.80000,-5.60000
506,-15.40000,-5.60000
507,-14.00000,-5.60000
508,-12.60000,-5.60000
509,-11.20000,-5.60000
510,-9.80000,-5.60000
511,-8.40000,-5.60000
512,-7.00000,-5.60000
513,-5.60000,-5.60000
514,-4.20000,-5.60000
515,-2.80000,-5.60000
516,-1.40000,-5.60000
517,0.00000,-5.60000
518,1.40000,-5.60000
519,2.80000,-5.60000
520,4.20000,-5.60000
521,5.60000,-5.60000
522,7.00000,-5.60000
523,8.40000,-5.60000
524,9.80000,-5.60000
525,11.20000,-5.60000
526,12.60000,-5.60000
527,14.00000,-5.60000
528,15.40000,-5.60000
529,16.80000,-5.60000
530,18.20000,-5.60000
531,19.60000,-5.60000
532,21.00000,-5.60000
533,-19.60000,-7.00000
534,-18.20000,-7.00000
535,-16.80000,-7.00000
536,-15.40000,-7.00000
537,-14.00000,-7.00000
538,-12.60000,-7.00000
539,-11.20000,-7.00000
540,-9.80000,-7.00000
541,-8.40000,-7.00000
542,-7.00000,-7.00000
543,-5.60000,-7.00000
544,-4.20000,-7.00000
545,-2.80000,-7.00000
546,-1.40000,-7.00000
547,0.00000,-7.00000
548,1.40000,-7.00000
549,2.80000,-7.00000
550,4.20000,-7.00000
551,5.60000,-7.00000
552,7.00000,-7.00000
553,8.40000,-7.00000
554,9.80000,-7.00000
555,11.20000,-7.00000
556,12.60000,-7.00000
557,14.00000,-7.00000
558,15.40000,-7.00000
559,16.80000,-7.00000
560,18.20000,-7.00000
561,19.60000,-7.00000
562,-19.60000,-8.40000
563,-18.20000,-8.40000
564,-16.80000,-8.40000
565,-15.40000,-8.40000
566,-14.00000,-8.40000
567,-12.60000,-8.40000
568,-11.20000,-8.40000
569,-9.80000,-8.40000
570,-8.40000,-8.40000
571,-7.00000,-8.40000
572,-5.60000,-8.40000
573,-4.20000,-8.40000
574,-2.80000,-8.40000
575,-1.40000,-8.40000
576,0.00000,-8.40000
577,1.40000,-8.40000
578,2.80000,-8.40000
579,4.20000,-8.40000
580,5.60000,-8.40000
581,7.00000,-8.40000
582,8.40000,-8.40000
583,9.80000,-8.40000
584,11.20000,-8.40000
585,12.60000,-8.40000
586,14.00000,-8.40000
587,15.40000,-8.40000
588,16.80000,-8.40000
589,18.20000,-8.40000
590,19.60000,-8.40000
591,-19.60000,-9.80000
592,-18.20000,-9.80000
593,-16.80000,-9.80000
594,-15.40000,-9.80000
595,-14.00000,-9.80000
596,-12.60000,-9.80000
597,-11.20000,-9.80000
598,-9.80000,-9.80000
599,-8.40000,-9.80000
600,-7.00000,-9.80000
601,-5.60000,-9.80000
602,-4.20000,-9.80000
603,-2.80000,-9.80000
604,-1.40000,-9.80000
605,0.00000,-9.80000
606,1.40000,-9.80000
607,2.80000,-9.80000
608,4.20000,-9.80000
609,5.60000,-9.80000
610,7.00000,-9.80000
611,8.40000,-9.80000
612,9.80000,-9.80000
613,11.20000,-9.80000
614,12.60000,-9.80000
615,14.00000,-9.80000
616,15.40000,-9.80000
617,16.80000,-9.80000
618,18.20000,-9.80000
619,19.60000,-9.80000
620,-18.20000,-11.20000
621,-16.80000,-11.20000
622,-15.40000,-11.20000
623,-14.00000,-11.20000
624,-12.60000,-11.20000
625,-11.20000,-11.20000
626,-9.80000,-11.20000
627,-8.40000,-11.20000
628,-7.00000,-11.20000
629,-5.60000,-11.20000
630,-4.20000,-11.20000
631,-2.80000,-11.20000
632,-1.40000,-11.20000
633,0.00000,-11.20000
634,1.40000,-11.20000
635,2.80000,-11.20000
636,4.20000,-11.20000
637,5.60000,-11.20000
638,7.00000,-11.20000
639,8.40000,-11.20000
640,9.80000,-11.20000
641,11.20000,-11.20000
642,12.60000,-11.20000
643,14.00000,-11.20000
644,15.40000,-11.20000
645,16.80000,-11.20000
646,18.20000,-11.20000
647,-18.20000,-12.60000
648,-16.80000,-12.60000
649,-15.40000,-12.60000
650,-14.00000,-12.60000
651,-12.60000,-12.60000
652,-11.20000,-12.60000
653,-9.80000,-12.60000
654,-8.40000,-12.60000
655,-7.00000,-12.60000
656,-5.60000,-12.60000
657,-4.20000,-12.60000
658,-2.80000,-12.60000
659,-1.40000,-12.60000
660,0.00000,-12.60000
661,1.40000,-12.60000
662,2.80000,-12.60000
663,4.20000,-12.60000
664,5.60000,-12.60000
665,7.00000,-12.60000
666,8.40000,-12.60000
667,9.80000,-12.60000
668,11.20000,-12.60000
669,12.60000,-12.60000
670,14.00000,-12.60000
671,15.40000,-12.60000
672,16.80000,-12.60000
673,18.20000,-12.60000
674,-16.80000,-14.00000
675,-15.40000,-14.00000
676,-14.00000,-14.00000
677,-12.60000,-14.00000
678,-11.20000,-14.00000
679,-9.80000,-14.00000
680,-8.40000,-14.00000
681,-7.00000,-14.00000
682,-5.60000,-14.00000
683,-4.20000,-14.00000
684,-2.80000,-14.00000
685,-1.40000,-14.00000
686,0.00000,-14.00000
687,1.40000,-14.00000
688,2.80000,-14.00000
689,4.20000,-14.00000
690,5.60000,-14.00000
691,7.00000,-14.00000
692,8.40000,-14.00000
693,9.80000,-14.00000
694,11.20000,-14.00000
695,12.60000,-14.00000
696,14.00000,-14.00000
697,15.40000,-14.00000
698,16.80000,-14.00000
699,-15.40000,-15.40000
700,-14.00000,-15.40000
701,-12.60000,-15.40000
702,-11.20000,-15.40000
703,-9.80000,-15.40000
704,-8.40000,-15.40000
705,-7.00000,-15.40000
706,-5.60000,-15.40000
707,-4.20000,-15.40000
708,-2.80000,-15.40000
709,-1.40000,-15.40000
710,0.00000,-15.40000
711,1.40000,-15.40000
712,2.80000,-15.40000
713,4.20000,-15.40000
714,5.60000,-15.40000
715,7.00000,-15.40000
716,8.40000,-15.40000
717,9.80000,-15.40000
718,11.20000,-15.40000
719,12.60000,-15.40000
720,14.00000,-15.40000
721,15.40000,-15.40000
722,-14.00000,-16.80000
723,-12.60000,-16.80000
724,-11.20000,-16.80000
725,-9.80000,-16.80000
726,-8.40000,-16.80000
727,-7.00000,-16.80000
728,-5.60000,-16.80000
729,-4.20000,-16.80000
730,-2.80000,-16.80000
731,-1.40000,-16.80000
732,0.00000,-16.80000
733,1.40000,-16.80000
734,2.80000,-16.80000
735,4.20000,-16.80000
736,5.60000,-16.80000
737,7.00000,-16.80000
738,8.40000,-16.80000
739,9.80000,-16.80000
740,11.20000,-16.80000
741,12.60000,-16.80000
742,14.00000,-16.80000
743,-12.60000,-18.20000
744,-11.20000,-18.20000
745,-9.80000,-18.20000
746,-8.40000,-18.20000
747,-7.00000,-18.20000
748,-5.60000,-18.20000
749,-4.20000,-18.20000
750,-2.80000,-18.20000
751,-1.40000,-18.20000
752,0.00000,-18.20000
753,1.40000,-18.20000
754,2.80000,-18.20000
755,4.20000,-18.20000
756,5.60000,-18.20000
757,7.00000,-18.20000
758,8.40000,-18.20000
759,9.80000,-18.20000
760,11.20000,-18.20000
761,12.60000,-18.20000
762,-9.80000,-19.60000
763,-8.40000,-19.60000
764,-7.00000,-19.60000
765,-5.60000,-19.60000
766,-4.20000,-19.60000
767,-2.80000,-19.60000
768,-1.40000,-19.60000
769,0.00000,-19.60000
770,1.40000,-19.60000
771,2.80000,-19.60000
772,4.20000,-19.60000
773,5.60000,-19.60000
774,7.00000,-19.60000
775,8.40000,-19.60000
776,9.80000,-19.60000
777,-5.60000,-21.00000
778,-4.20000,-21.00000
779,-2.80000,-21.00000
780,-1.40000,-21.00000
781,0.00000,-21.00000
782,1.40000,-21.00000
783,2.80000,-21.00000
784,4.20000,-21.00000
785,5.60000,-21.00000
